Y{1}=[1,1,1;
      1,1,1;
      1,1,1];

  Y{2}=[2,2,2;
    2,2,2;
    2,2,2];
Y{3}=[4,4,4;
    3,3,3;
    3,3,3];


Y{4}=[5,5,5;
    4,4,4;
    4,4,4];
Y{5}=[6,6,6;
    5,5,5;
    5,5,5];
Y{6}=[3,3,3;
    6,6,6;
    6,6,6];